-1.26 0.46

-1.15 0.49

-1.19 0.36

-1.33 0.28

-1.06 0.22

-1.27 0.03

-1.28 0.15

-1.06 0.08

-1.00 0.38

-0.44 0.29

-0.37 0.45

-0.22 0.36

-0.34 0.18

-0.42 0.06

-0.11 0.12

-0.17 0.32

-0.27 0.08

-0.49 -0.34

-0.39 -0.28

-0.40 -0.45

-0.15 -0.33

-0.15 -0.21

-0.33 -0.30

-0.23 -0.45

-0.27 -0.59

-0.61 -0.65

-0.61 -0.53

-0.52 -0.53

-0.42 -0.56

-1.39 -0.26

-1.4 -0.6

-1.3 -0.4

-1.22 -0.5

-1.4 -0.55

-1.4 -0.65

-1.44 -0.55

-1.45 -0.75

-1.0 0.2
-1.2 0.25
-1.0 0.23
-1.1 0.2
-1.3 0.24

-1.4 0
-1.35 0.1 
-1.3 0.2
-1.25 0.3
-1.2 0.4

0.69 0.46
0.77 0.37
0.63 0.26
0.60 0.31
0.55 0.21
0.40 0.23
0.48 0.14
0.66 0.09
0.43 0.21
0.66 0.09
0.24 0.26
0.24 0.05
0.34 0.09
0.63 0.16
0.65 0.19
0.36 0.37
0.59 0.04
0.71 0.10
0.35 0.18
0.33 0.24
0.28 0.25
0.74 0.23
0.71 0.34
0.48 0.31
0.47 0.43
0.52 0.36
0.75 0.48
0.53 0.47
0.47 0.37
0.72 0.44
0.44 0.45